NID		I	I	N	1.0	0	0	
MOSTYPE		I	I	M	1.0	0	41	1:2:3:4:5:6:7:8:9:10:11:12:13:14:15:16:17:18:19:20:21:22:23:24:25:26:27:28:29:30:31:32:33:34:35:36:37:38:39:40:41	1	2	3	4	5	6	7	8	9	10	11	12	13	14	15	16	17	18	19	20	21	22	23	24	25	26	27	28	29	30	31	32	33	34	35	36	37	38	39	40	41	
MAANTHUI	I	I	M	1.0	1	10	1:2:3:4:5:6:7:8:9:10	1	2	3	4	5	6	7	8	9	10	
MGEMOMV		I	I	M	1.0	1	6	1:2:3:4:5:6		1	2	3	4	5	6	
MGEMLEEF	I	I	M	1.0	1	6	1:2:3:4:5:6		1	2	3	4	5	6	
MOSHOOFD	I	I	M	1.0	0	10	1:2:3:4:5:6:7:8:9:10	1	2	3	4	5	6	7	8	9	10	
MGODRK		I	I	M	1.0	1	10	0:1:2:3:4:5:6:7:8:9	0	1	2	3	4	5	6	7	8	9	
MGODPR		I	I	M	1.0	1	10	0:1:2:3:4:5:6:7:8:9	0	1	2	3	4	5	6	7	8	9	
MGODOV		I	I	M	1.0	1	10	0:1:2:3:4:5:6:7:8:9	0	1	2	3	4	5	6	7	8	9	
MGODGE		I	I	M	1.0	1	10	0:1:2:3:4:5:6:7:8:9	0	1	2	3	4	5	6	7	8	9	
MRELGE		I	I	M	1.0	1	10	0:1:2:3:4:5:6:7:8:9	0	1	2	3	4	5	6	7	8	9	
MRELSA		I	I	M	1.0	1	10	0:1:2:3:4:5:6:7:8:9	0	1	2	3	4	5	6	7	8	9	
MRELOV		I	I	M	1.0	1	10	0:1:2:3:4:5:6:7:8:9	0	1	2	3	4	5	6	7	8	9	
MFALLEEN	I	I	M	1.0	1	10	0:1:2:3:4:5:6:7:8:9	0	1	2	3	4	5	6	7	8	9	
MFGEKIND	I	I	M	1.0	1	10	0:1:2:3:4:5:6:7:8:9	0	1	2	3	4	5	6	7	8	9	
MFWEKIND	I	I	M	1.0	1	10	0:1:2:3:4:5:6:7:8:9	0	1	2	3	4	5	6	7	8	9	
MOPLHOOG	I	I	M	1.0	1	10	0:1:2:3:4:5:6:7:8:9	0	1	2	3	4	5	6	7	8	9	
MOPLMIDD	I	I	M	1.0	1	10	0:1:2:3:4:5:6:7:8:9	0	1	2	3	4	5	6	7	8	9	
MOPLLAAG	I	I	M	1.0	1	10	0:1:2:3:4:5:6:7:8:9	0	1	2	3	4	5	6	7	8	9	
MBERHOOG	I	I	M	1.0	1	10	0:1:2:3:4:5:6:7:8:9	0	1	2	3	4	5	6	7	8	9	
MBERZELF	I	I	M	1.0	1	10	0:1:2:3:4:5:6:7:8:9	0	1	2	3	4	5	6	7	8	9	
MBERBOER	I	I	M	1.0	1	10	0:1:2:3:4:5:6:7:8:9	0	1	2	3	4	5	6	7	8	9	
MBERMIDD	I	I	M	1.0	1	10	0:1:2:3:4:5:6:7:8:9	0	1	2	3	4	5	6	7	8	9	
MBERARBG	I	I	M	1.0	1	10	0:1:2:3:4:5:6:7:8:9	0	1	2	3	4	5	6	7	8	9	
MBERARBO	I	I	M	1.0	1	10	0:1:2:3:4:5:6:7:8:9	0	1	2	3	4	5	6	7	8	9	
MSKA		I	I	M	1.0	1	10	0:1:2:3:4:5:6:7:8:9	0	1	2	3	4	5	6	7	8	9	
MSKB1		I	I	M	1.0	1	10	0:1:2:3:4:5:6:7:8:9	0	1	2	3	4	5	6	7	8	9	
MSKB2		I	I	M	1.0	1	10	0:1:2:3:4:5:6:7:8:9	0	1	2	3	4	5	6	7	8	9	
MSKC		I	I	M	1.0	1	10	0:1:2:3:4:5:6:7:8:9	0	1	2	3	4	5	6	7	8	9	
MSKD		I	I	M	1.0	1	10	0:1:2:3:4:5:6:7:8:9	0	1	2	3	4	5	6	7	8	9	
MHHUUR		I	I	M	1.0	1	10	0:1:2:3:4:5:6:7:8:9	0	1	2	3	4	5	6	7	8	9	
MHKOOP		I	I	M	1.0	1	10	0:1:2:3:4:5:6:7:8:9	0	1	2	3	4	5	6	7	8	9	
MAUT1		I	I	M	1.0	1	10	0:1:2:3:4:5:6:7:8:9	0	1	2	3	4	5	6	7	8	9	
MAUT2		I	I	M	1.0	1	10	0:1:2:3:4:5:6:7:8:9	0	1	2	3	4	5	6	7	8	9	
MAUT0		I	I	M	1.0	1	10	0:1:2:3:4:5:6:7:8:9	0	1	2	3	4	5	6	7	8	9	
MZFONDS		I	I	M	1.0	1	10	0:1:2:3:4:5:6:7:8:9	0	1	2	3	4	5	6	7	8	9	
MZPART		I	I	M	1.0	1	10	0:1:2:3:4:5:6:7:8:9	0	1	2	3	4	5	6	7	8	9	
MINKM30		I	I	M	1.0	1	10	0:1:2:3:4:5:6:7:8:9	0	1	2	3	4	5	6	7	8	9	
MINK3045	I	I	M	1.0	1	10	0:1:2:3:4:5:6:7:8:9	0	1	2	3	4	5	6	7	8	9	
MINK4575	I	I	M	1.0	1	10	0:1:2:3:4:5:6:7:8:9	0	1	2	3	4	5	6	7	8	9	
MINK7512	I	I	M	1.0	1	10	0:1:2:3:4:5:6:7:8:9	0	1	2	3	4	5	6	7	8	9	
MINK123M	I	I	M	1.0	1	10	0:1:2:3:4:5:6:7:8:9	0	1	2	3	4	5	6	7	8	9	
MINKGEM		I	I	M	1.0	1	10	0:1:2:3:4:5:6:7:8:9	0	1	2	3	4	5	6	7	8	9	
MKOOPKLA	I	I	M	1.0	1	10	0:1:2:3:4:5:6:7:8:9	0	1	2	3	4	5	6	7	8	9	
PWAPART		I	I	M	1.0	1	10	0:1:2:3:4:5:6:7:8:9	0	1	2	3	4	5	6	7	8	9	
PWABEDR		I	I	M	1.0	1	10	0:1:2:3:4:5:6:7:8:9	0	1	2	3	4	5	6	7	8	9	
PWALAND		I	I	M	1.0	1	10	0:1:2:3:4:5:6:7:8:9	0	1	2	3	4	5	6	7	8	9	
PPERSAUT	I	I	M	1.0	1	10	0:1:2:3:4:5:6:7:8:9	0	1	2	3	4	5	6	7	8	9	
PBESAUT		I	I	M	1.0	1	10	0:1:2:3:4:5:6:7:8:9	0	1	2	3	4	5	6	7	8	9	
PMOTSCO		I	I	M	1.0	1	10	0:1:2:3:4:5:6:7:8:9	0	1	2	3	4	5	6	7	8	9	
PVRAAUT		I	I	M	1.0	1	10	0:1:2:3:4:5:6:7:8:9	0	1	2	3	4	5	6	7	8	9	
PAANHANG	I	I	M	1.0	1	10	0:1:2:3:4:5:6:7:8:9	0	1	2	3	4	5	6	7	8	9	
PTRACTOR	I	I	M	1.0	1	10	0:1:2:3:4:5:6:7:8:9	0	1	2	3	4	5	6	7	8	9	
PWERKT		I	I	M	1.0	1	10	0:1:2:3:4:5:6:7:8:9	0	1	2	3	4	5	6	7	8	9	
PBROM		I	I	M	1.0	1	10	0:1:2:3:4:5:6:7:8:9	0	1	2	3	4	5	6	7	8	9	
PLEVEN		I	I	M	1.0	1	10	0:1:2:3:4:5:6:7:8:9	0	1	2	3	4	5	6	7	8	9	
PPERSONG	I	I	M	1.0	1	10	0:1:2:3:4:5:6:7:8:9	0	1	2	3	4	5	6	7	8	9	
PGEZONG		I	I	M	1.0	1	10	0:1:2:3:4:5:6:7:8:9	0	1	2	3	4	5	6	7	8	9	
PWAOREG		I	I	M	1.0	1	10	0:1:2:3:4:5:6:7:8:9	0	1	2	3	4	5	6	7	8	9	
PBRAND		I	I	M	1.0	1	10	0:1:2:3:4:5:6:7:8:9	0	1	2	3	4	5	6	7	8	9	
PZEILPL		I	I	M	1.0	1	10	0:1:2:3:4:5:6:7:8:9	0	1	2	3	4	5	6	7	8	9	
PPLEZIER	I	I	M	1.0	1	10	0:1:2:3:4:5:6:7:8:9	0	1	2	3	4	5	6	7	8	9	
PFIETS		I	I	M	1.0	1	10	0:1:2:3:4:5:6:7:8:9	0	1	2	3	4	5	6	7	8	9	
PINBOED		I	I	M	1.0	1	10	0:1:2:3:4:5:6:7:8:9	0	1	2	3	4	5	6	7	8	9	
PBYSTAND	I	I	M	1.0	1	10	0:1:2:3:4:5:6:7:8:9	0	1	2	3	4	5	6	7	8	9	
AWAPART		I	I	M	1.0	1	13	0:1:2:3:4:5:6:7:8:9:10:11:12	0	1	2	3	4	5	6	7	8	9	10	11	12	
AWABEDR		I	I	M	1.0	1	13	0:1:2:3:4:5:6:7:8:9:10:11:12	0	1	2	3	4	5	6	7	8	9	10	11	12	
AWALAND		I	I	M	1.0	1	13	0:1:2:3:4:5:6:7:8:9:10:11:12	0	1	2	3	4	5	6	7	8	9	10	11	12	
APERSAUT	I	I	M	1.0	1	13	0:1:2:3:4:5:6:7:8:9:10:11:12	0	1	2	3	4	5	6	7	8	9	10	11	12	
ABESAUT		I	I	M	1.0	1	13	0:1:2:3:4:5:6:7:8:9:10:11:12	0	1	2	3	4	5	6	7	8	9	10	11	12	
AMOTSCO		I	I	M	1.0	1	13	0:1:2:3:4:5:6:7:8:9:10:11:12	0	1	2	3	4	5	6	7	8	9	10	11	12	
AVRAAUT		I	I	M	1.0	1	13	0:1:2:3:4:5:6:7:8:9:10:11:12	0	1	2	3	4	5	6	7	8	9	10	11	12	
AAANHANG	I	I	M	1.0	1	13	0:1:2:3:4:5:6:7:8:9:10:11:12	0	1	2	3	4	5	6	7	8	9	10	11	12	
ATRACTOR	I	I	M	1.0	1	13	0:1:2:3:4:5:6:7:8:9:10:11:12	0	1	2	3	4	5	6	7	8	9	10	11	12	
AWERKT		I	I	M	1.0	1	13	0:1:2:3:4:5:6:7:8:9:10:11:12	0	1	2	3	4	5	6	7	8	9	10	11	12	
ABROM		I	I	M	1.0	1	13	0:1:2:3:4:5:6:7:8:9:10:11:12	0	1	2	3	4	5	6	7	8	9	10	11	12	
ALEVEN		I	I	M	1.0	1	13	0:1:2:3:4:5:6:7:8:9:10:11:12	0	1	2	3	4	5	6	7	8	9	10	11	12	
APERSONG	I	I	M	1.0	1	13	0:1:2:3:4:5:6:7:8:9:10:11:12	0	1	2	3	4	5	6	7	8	9	10	11	12	
AGEZONG		I	I	M	1.0	1	13	0:1:2:3:4:5:6:7:8:9:10:11:12	0	1	2	3	4	5	6	7	8	9	10	11	12	
AWAOREG		I	I	M	1.0	1	13	0:1:2:3:4:5:6:7:8:9:10:11:12	0	1	2	3	4	5	6	7	8	9	10	11	12	
ABRAND		I	I	M	1.0	1	13	0:1:2:3:4:5:6:7:8:9:10:11:12	0	1	2	3	4	5	6	7	8	9	10	11	12		
AZEILPL		I	I	M	1.0	1	13	0:1:2:3:4:5:6:7:8:9:10:11:12	0	1	2	3	4	5	6	7	8	9	10	11	12	
APLEZIER	I	I	M	1.0	1	13	0:1:2:3:4:5:6:7:8:9:10:11:12	0	1	2	3	4	5	6	7	8	9	10	11	12	
AFIETS		I	I	M	1.0	1	13	0:1:2:3:4:5:6:7:8:9:10:11:12	0	1	2	3	4	5	6	7	8	9	10	11	12	
AINBOED		I	I	M	1.0	1	13	0:1:2:3:4:5:6:7:8:9:10:11:12	0	1	2	3	4	5	6	7	8	9	10	11	12	
ABYSTAND	I	I	M	1.0	1	13	0:1:2:3:4:5:6:7:8:9:10:11:12	0	1	2	3	4	5	6	7	8	9	10	11	12	
CARAVAN		I	I	M	1.0	1	2	0:1	0	1 
